200 0.005849 2 2 400 0.044772 2 2 600 0.157742 2 2 800 0.362389 2 2 1000 0.709004 2 2 
200 0.003759 2 4 400 0.027137 2 4 600 0.096668 2 4 800 0.245582 2 4 1000 0.493177 2 4 
200 0.017432 2 8 400 0.028390 2 8 600 0.081150 2 8 800 0.211153 2 8 1000 0.420005 2 8 
200 0.003373 4 2 400 0.027078 4 2 600 0.093819 4 2 800 0.257702 4 2 1000 0.465688 4 2 
200 0.016827 4 4 400 0.028807 4 4 600 0.100582 4 4 800 0.198964 4 4 1000 0.398630 4 4 
200 0.034984 4 8 400 0.051024 4 8 600 0.102677 4 8 800 0.220090 4 8 1000 0.442624 4 8 
200 0.011351 8 2 400 0.034272 8 2 600 0.091771 8 2 800 0.224292 8 2 1000 0.372148 8 2 
200 0.030166 8 4 400 0.044721 8 4 600 0.089041 8 4 800 0.206161 8 4 1000 0.389590 8 4 
200 0.069092 8 8 400 0.091062 8 8 600 0.141765 8 8 800 0.239896 8 8 1000 0.475369 8 8 
200 0.002756 16 2 400 0.022684 16 2 600 0.070304 16 2 800 0.179702 16 2 1000 0.348941 16 2 
200 0.002856 16 4 400 0.024048 16 4 600 0.069502 16 4 800 0.182420 16 4 1000 0.380508 16 4 
200 0.003999 16 8 400 0.022386 16 8 600 0.072260 16 8 800 0.203696 16 8 1000 0.442362 16 8 
200 0.002977 32 2 400 0.020643 32 2 600 0.075200 32 2 800 0.189281 32 2 1000 0.344271 32 2 
200 0.003252 32 4 400 0.021816 32 4 600 0.070339 32 4 800 0.193390 32 4 1000 0.360660 32 4 
200 0.004152 32 8 400 0.023314 32 8 600 0.070353 32 8 800 0.187689 32 8 1000 0.419248 32 8 
200 0.003515 64 2 400 0.020823 64 2 600 0.074096 64 2 800 0.213723 64 2 1000 0.346929 64 2 
200 0.004105 64 4 400 0.021292 64 4 600 0.068360 64 4 800 0.178662 64 4 1000 0.360858 64 4 
200 0.005743 64 8 400 0.024302 64 8 600 0.075896 64 8 800 0.191620 64 8 1000 0.379242 64 8 
