200 0.013968 2 400 0.111800 2 600 0.372685 2 800 0.898093 2 1000 1.751839 2 
200 0.007760 4 400 0.056769 4 600 0.190457 4 800 0.457485 4 1000 0.891272 4 
200 0.005130 8 400 0.039769 8 600 0.137970 8 800 0.319951 8 1000 0.612421 8 
200 0.004958 16 400 0.036305 16 600 0.109146 16 800 0.255948 16 1000 0.483597 16 
200 0.004565 32 400 0.030966 32 600 0.109197 32 800 0.256675 32 1000 0.528884 32 
200 0.005619 64 400 0.031085 64 600 0.099352 64 800 0.237234 64 1000 0.462182 64 
200 0.014476 2 400 0.119441 2 600 0.381342 2 800 0.905122 2 1000 1.760956 2 
200 0.007725 4 400 0.057416 4 600 0.193709 4 800 0.457090 4 1000 0.883857 4 
200 0.005293 8 400 0.039505 8 600 0.136405 8 800 0.311926 8 1000 0.605657 8 
200 0.004693 16 400 0.034997 16 600 0.113141 16 800 0.255506 16 1000 0.478281 16 
200 0.004494 32 400 0.032971 32 600 0.100591 32 800 0.234687 32 1000 0.470148 32 
200 0.005230 64 400 0.033105 64 600 0.104541 64 800 0.240474 64 1000 0.472155 64 
200 0.027438 1 400 0.219502 1 600 0.762344 1 800 1.721186 1 1000 3.612084 1 
200 0.014699 2 400 0.117190 2 600 0.375259 2 800 0.903448 2 1000 1.777040 2 
200 0.008486 4 400 0.058686 4 600 0.201959 4 800 0.465855 4 1000 0.907037 4 
200 0.005545 8 400 0.040217 8 600 0.135111 8 800 0.358679 8 1000 0.615936 8 
200 0.004963 16 400 0.037732 16 600 0.122480 16 800 0.287869 16 1000 0.550402 16 
200 0.004609 32 400 0.033435 32 600 0.106321 32 800 0.253302 32 1000 0.499760 32 
200 0.006173 64 400 0.032842 64 600 0.104524 64 800 0.268020 64 1000 0.508183 64 
200 0.028721 1 400 0.222258 1 600 0.747565 1 800 1.760334 1 1000 3.571351 1 
200 0.014542 2 400 0.112346 2 600 0.382151 2 800 0.902355 2 1000 1.776964 2 
200 0.007884 4 400 0.057091 4 600 0.199976 4 800 0.465893 4 1000 0.927391 4 
200 0.005380 8 400 0.040950 8 600 0.144925 8 800 0.330834 8 1000 0.637209 8 
200 0.005416 16 400 0.036446 16 600 0.118838 16 800 0.292338 16 1000 0.526799 16 
200 0.005097 32 400 0.035265 32 600 0.105985 32 800 0.249217 32 1000 0.495316 32 
200 0.005032 64 400 0.032957 64 600 0.101589 64 800 0.242805 64 1000 0.490009 64 
200 0.028364 1 400 0.218182 1 600 0.727441 1 800 1.775874 1 1000 3.450056 1 
200 0.013920 2 400 0.109450 2 600 0.371332 2 800 0.876333 2 1000 1.764908 2 
200 0.007772 4 400 0.059178 4 600 0.200018 4 800 0.450717 4 1000 0.888314 4 
200 0.005206 8 400 0.039748 8 600 0.137083 8 800 0.310194 8 1000 0.599596 8 
200 0.005241 16 400 0.037501 16 600 0.106666 16 800 0.251900 16 1000 0.506455 16 
200 0.004419 32 400 0.031392 32 600 0.102486 32 800 0.234177 32 1000 0.468202 32 
200 0.005137 64 400 0.030357 64 600 0.102502 64 800 0.235958 64 1000 0.457551 64 
200 0.027605 1 400 0.217559 1 600 0.753890 1 800 1.723459 1 1000 3.487843 1 
200 0.014365 2 400 0.123987 2 600 0.373743 2 800 0.899150 2 1000 1.740228 2 
200 0.007482 4 400 0.056888 4 600 0.195731 4 800 0.462514 4 1000 0.884931 4 
200 0.005630 8 400 0.041266 8 600 0.135464 8 800 0.310786 8 1000 0.674398 8 
200 0.005751 16 400 0.037163 16 600 0.121839 16 800 0.307928 16 1000 0.527151 16 
200 0.004373 32 400 0.035072 32 600 0.109312 32 800 0.269383 32 1000 0.484222 32 
200 0.005079 64 400 0.035038 64 600 0.105430 64 800 0.280326 64 1000 0.485233 64 
200 0.028261 1 400 0.217169 1 600 0.744933 1 800 1.765325 1 1000 3.493397 1 
200 0.014341 2 400 0.113068 2 600 0.387415 2 800 0.885077 2 1000 1.738037 2 
200 0.007544 4 400 0.059731 4 600 0.188733 4 800 0.455480 4 1000 0.874750 4 
200 0.005355 8 400 0.039552 8 600 0.136185 8 800 0.310959 8 1000 0.596659 8 
200 0.004670 16 400 0.036191 16 600 0.104819 16 800 0.269404 16 1000 0.500781 16 
200 0.004615 32 400 0.033092 32 600 0.113009 32 800 0.238323 32 1000 0.472764 32 
200 0.005177 64 400 0.030561 64 600 0.099560 64 800 0.230732 64 1000 0.458565 64 
